dirtyCache=false
sortingAscending=true
sortingColumn=-1
table_col_0=0.035149384
table_col_1=0.66608083
table_col_2=0.11950791
table_col_3=0.21441124
